0000000000000000
0000000000000000
0010000011111011
0111101011110010
0111111111101111
0111111111110001
0111111111101111
0111111111110001
0111111111101111
0111111111110001
0111111111101111
0111111111110001
0111111111101111
0111111111110001
0111111111101111
0111111111110001
0111111111101111
0111111111110001
0111111111101111
0111111111110001
0111111111101111
0111111111110001
0111111111101111
0111111111110001
0111111111101111
0111111111110001
0111111111101111
0111111111110001
0111111111101111
0111111111110001
0111111111101111
0111111111110001
0111111111101111
0111111111110001
0111111111101111
0111111111110001
0111111111101111
0111111111110001
0111111111101111
0111111111110001
0111111111101111
0111111111110001
0111111111101111
0111111111110001
0111111111101111
0111111111110001
0111111111101111
0111111111110001
0111111111101111
0111111111110001
0111111111101111
0111111111110001
0111111111101111
0111111111110001
0111111111101111
0111111111110001
0111111111101111
0111111111110001
0111111111101111
0111111111110001
0111111111101111
0111111111110001
0111111111101111
0111111111110001
0111100111110000
1100110111111011
1000000000000000
1000000000000000
1000000000000000
1000000000000000
1000000000000000
1000000000000000
1000000000000000
1000000000000000
1000000000000000
1000000000000000
1000000000000000
1000000000000000
1000000000000000
1000000000000000
1000000000000000
1000000000000000
1000000000000000
1000000000000000
1000000000000000
1000000000000000
1000000000000000
1000000000000000
1000000000000000
1000000000000000
1000000000000000
1000000000000000
1000000000000000
1000000000000000
1000000000000000
1000000000000000
1000000000000000
1000000000000000
1000000000000000
1000000000000000
1000000000000000
1000000000000000
1000000000000000
1000000000000000
1000000000000000
1000000000000000
1000000000000000
1000000000000000
1000000000000000
1000000000000000
1000000000000000
1000000000000000
1000000000000000
1000000000000000
1000000000000000
1000000000000000
1000000000000000
1000000000000000
1000000000000000
1000000000000000
1000000000000000
1000000000000000
1000000000000000
1000000000000000
1000000000000000
