0000000000000000
0000000000000000
1110001001001101
1001000101010001
1000110011001111
1000110011010001
1000110011001111
1000110011010001
1000110011001111
1000110011010001
1000110011001111
1000110011010001
1000110011001111
1000110011010001
1000110011001111
1000110011010001
1000110011001111
1000110011010001
1000110011001111
1000110011010001
1000110011001111
1000110011010001
1000110011001111
1000110011010001
1000110011001111
1000110011010001
1000110011001111
1000110011010001
1000110011001111
1000110011010001
1000110011001111
1000110011010001
1000110011001111
1000110011010001
1000110011001111
1000110011010001
1000110011001111
1000110011010001
1000110011001111
1000110011010001
1000110011001111
1000110011010001
1000110011001111
1000110011010001
1000110011001111
1000110011010001
1000110011001111
1000110011010001
1000110011001111
1000110011010001
1000110011001111
1000110011010001
1000110011001111
1000110011010001
1000110011001111
1000110011010001
1000110011001111
1000110011010001
1000110011001111
1000110011010001
1000110011001111
1000110011010001
1000110011001111
1000110011010001
1000110011001111
1000110011010001
1000110011001111
1000110011010001
1000110011001111
1000110011010001
1000110011001111
1000110011010001
1000110011001111
1000110011010001
1000110011001111
1000110011010001
1000110011001111
1000110011010001
1000110011001111
1000110011010001
1000110011001111
1000110011010001
1000110011001111
1000110011010001
1000110011001111
1000110011010001
1000110011001111
1000110011010001
1000110011001111
1000110011010001
1000110011001111
1000110011010001
1000110011001111
1000110011010001
1000110011001111
1000110011010001
1000110011001111
1000110011010001
1000110011001111
1000110011010001
1000110011001111
1000110011010001
1000110011001111
1000110011010001
1000110011001111
1000110011010001
1000110011001111
1000110011010001
1000110011001111
1000110011010001
1000110011001111
1000110011010001
1000110011001111
1000110011010001
1000110011001111
1000110011010001
1000110011001111
1000110011010001
1000110011001111
1000110011010001
1000110011001111
1000110011010001
1000110011001111
1000110011010001
1000110011001111
