0000000000000000
0000000000000000
0000001100101100
0000000101101001
0000000001111111
1111111100001010
0000000100001110
1111111100111111
0000000000101001
0000000001111101
1111111100001011
0000000100001110
1111111100111111
0000000000101001
0000000001111110
1111111100001001
0000000100010000
1111111100111110
0000000000101000
0000000001111111
1111111100001010
0000000100001110
1111111100111111
0000000000101001
0000000001111101
1111111100001011
0000000100001110
1111111101000000
0000000000100111
0000000001111111
1111111100001010
0000000100001110
1111111100111111
0000000000101000
0000000001111111
1111111100001010
0000000100001110
1111111100111111
0000000000101001
0000000001111110
1111111100001001
0000000100001111
1111111101000000
0000000000100111
0000000001111111
1111111100001010
0000000100001110
1111111100111111
0000000000101001
0000000001111101
1111111100001011
0000000100001110
1111111100111111
0000000000101001
0000000001111110
1111111100001001
0000000100010000
1111111100111110
0000000000101000
0000000001111111
1111111100001010
0000000100001110
1111111100111111
0000000000101001
0000000001111101
1111111100001011
0000000100001110
1111111101000000
0000000000100111
0000000001111111
1111111100001010
0000000100001110
1111111100111111
0000000000101000
0000000001111111
1111111100001010
0000000100001110
1111111100111111
0000000000101001
0000000001111110
1111111100001001
0000000100001111
1111111101000000
0000000000100111
0000000001111111
1111111100001010
0000000100001110
1111111100111111
0000000000101001
0000000001111101
1111111100001011
0000000100001110
1111111100111111
0000000000101001
0000000001111110
1111111100001001
0000000100010000
1111111100111110
0000000000101000
0000000001111111
1111111100001010
0000000100001110
1111111100111111
0000000000101001
0000000001111101
1111111100001011
0000000100001110
1111111101000000
0000000000100111
0000000001111111
1111111100001010
0000000100001110
1111111100111111
0000000000101000
0000000001111111
1111111100001010
0000000100001110
1111111100111111
0000000000101001
0000000001111110
1111111100001001
0000000100001111
1111111101000000
0000000000100111
0000000001111111
